,i,s
0,0,13
1,1,26
2,2,52
3,3,65
4,4,78
5,5,91
6,6,104
7,7,117
8,8,130
9,9,143
10,10,156
11,11,182
12,12,208
13,13,221
14,14,247
15,15,260
16,16,273
17,17,299
18,18,325
19,19,338
20,20,351
21,21,364
22,22,377
23,23,390
24,24,403
25,25,416
26,26,442
27,27,455
28,28,468
29,29,481
30,30,494
31,31,507
32,32,520
33,33,546
34,34,585
35,35,598
36,36,624
37,37,637
38,38,650
39,39,715
40,40,728
41,41,754
42,42,767
43,43,780
44,44,793
45,45,806
46,46,819
47,47,845
48,48,858
49,49,884
50,50,897
51,51,910
52,52,1014
53,53,1144
54,54,1157
55,55,1170
56,56,1248
57,57,1287
58,58,1300
59,59,1950
60,60,1963
61,61,1989
62,62,2015
63,63,2028
64,64,2041
65,65,2054
66,66,2067
67,67,2158
68,68,3913
69,69,4329
70,70,4394
71,71,5200
72,72,5213
73,73,5226
74,74,5239
75,75,5252
76,76,5291
77,77,5304
78,78,5317
79,79,5330
80,80,5343
81,81,5369
82,82,5395
83,83,5408
84,84,5421
85,85,5447
86,86,5460
87,87,5473
88,88,5486
89,89,5499
90,90,5525
91,91,5538
92,92,5564
93,93,5577
94,94,5590
95,95,6344
96,96,6474
97,97,6513
98,98,6526
99,99,6539
100,100,6552
101,101,6565
102,102,6578
103,103,6591
104,104,6617
105,105,6630
106,106,6669
107,107,6682
108,108,6708
109,109,6721
110,110,6734
111,111,6747
112,112,6760
113,113,6773
114,114,6799
115,115,6812
116,116,6825
117,117,6838
118,118,6864
119,119,6877
120,120,6890
121,121,6903
122,122,6916
123,123,6929
124,124,6942
125,125,6968
126,126,6981
127,127,6994
128,128,7007
129,129,7020
130,130,7033
131,131,7059
132,132,7072
133,133,7085
134,134,7098
135,135,7111
136,136,7124
137,137,7150
138,138,7163
139,139,7176
140,140,7189
141,141,7202
142,142,7215
143,143,7241
144,144,7254
145,145,7267
146,146,7280
147,147,7293
148,148,7319
149,149,7332
150,150,7345
151,151,7358
152,152,7371
153,153,7384
154,154,7410
155,155,7423
156,156,7436
157,157,7449
158,158,7488
159,159,7553
160,160,7566
161,161,7592
162,162,7605
163,163,7618
164,164,7631
165,165,7657
166,166,7670
167,167,7683
168,168,7696
169,169,7709
170,170,7735
171,171,7748
172,172,7761
173,173,7774
174,174,7787
175,175,7800
176,176,7813
177,177,7839
178,178,7865
179,179,7878
180,180,7891
181,181,7904
182,182,7917
183,183,7930
184,184,7943
185,185,7956
186,186,7969
187,187,7995
188,188,8008
189,189,8021
190,190,8047
191,191,8060
192,192,8086
193,193,8099
194,194,8125
195,195,8138
196,196,8151
197,197,8164
198,198,8177
199,199,8190
200,200,8203
201,201,8216
202,202,8229
203,203,8255
204,204,8268
205,205,8281
206,206,8294
207,207,8307
208,208,8450
209,209,8463
210,210,8476
211,211,8515
212,212,8528
213,213,8541
214,214,8567
215,215,8593
216,216,8619
217,217,8645
218,218,8658
219,219,8671
220,220,8684
221,221,8697
222,222,8723
223,223,8736
224,224,8749
225,225,8788
226,226,8801
227,227,8814
228,228,8827
229,229,8840
230,230,8853
231,231,8866
232,232,8879
233,233,8905
234,234,8918
235,235,8931
236,236,8944
237,237,8970
238,238,8983
239,239,8996
240,240,9035
241,241,9061
242,242,9074
243,243,9100
244,244,9113
245,245,9126
246,246,9139
247,247,9165
248,248,9191
249,249,9204
250,250,9217
251,251,9230
252,252,9243
253,253,9256
254,254,9269
255,255,9295
256,256,9308
257,257,9321
258,258,9334
259,259,9347
260,260,9360
261,261,9373
262,262,9386
263,263,9399
264,264,9425
265,265,9438
266,266,9451
267,267,9464
268,268,9477
269,269,9503
270,270,9516
271,271,9529
272,272,9555
273,273,9568
274,274,9581
275,275,9594
276,276,9607
277,277,9750
278,278,9763
279,279,9776
280,280,9789
281,281,9815
282,282,9828
283,283,9841
284,284,9854
285,285,9867
286,286,9893
287,287,9906
288,288,9958
289,289,9971
290,290,9984
291,291,10088
292,292,10101
293,293,10114
294,294,10127
295,295,10166
296,296,10179
297,297,10205
298,298,10218
299,299,10244
300,300,10257
301,301,10270
302,302,10283
303,303,10296
304,304,10309
305,305,10335
306,306,10348
307,307,10361
308,308,10374
309,309,10387
310,310,10400
311,311,10413
312,312,10426
313,313,10439
314,314,10478
315,315,10491
316,316,10517
317,317,10530
318,318,10543
319,319,10556
320,320,10569
321,321,10595
322,322,10608
323,323,10634
324,324,10647
325,325,10660
326,326,10673
327,327,10686
328,328,10699
329,329,10725
330,330,10738
331,331,10764
332,332,10777
333,333,10790
334,334,10803
335,335,10829
336,336,10855
337,337,10868
338,338,10881
339,339,10894
340,340,10907
341,341,11024
342,342,11050
343,343,11063
344,344,11076
345,345,11128
346,346,11154
347,347,11167
348,348,11180
349,349,11193
350,350,11206
351,351,11219
352,352,11284
353,353,11297
354,354,11375
355,355,11388
356,356,11401
357,357,11414
358,358,11440
359,359,11453
360,360,11466
361,361,11479
362,362,11505
363,363,11518
364,364,11531
365,365,11544
366,366,11557
367,367,11570
368,368,11596
369,369,11609
370,370,11635
371,371,11661
372,372,11674
373,373,11687
374,374,11700
375,375,11713
376,376,11726
377,377,11739
378,378,11765
379,379,11778
380,380,11804
381,381,11817
382,382,11830
383,383,11843
384,384,11856
385,385,11869
386,386,11895
387,387,11921
388,388,11934
389,389,11947
390,390,11960
391,391,11973
392,392,11986
393,393,11999
394,394,12025
395,395,12038
396,396,12051
397,397,12064
398,398,12077
399,399,12090
400,400,12103
401,401,12116
402,402,12129
403,403,12155
404,404,12168
405,405,12181
406,406,12194
407,407,12324
408,408,12337
409,409,12350
410,410,12363
411,411,12376
412,412,12389
413,413,12415
414,414,12441
415,415,12454
416,416,12467
417,417,12480
418,418,12493
419,419,12506
420,420,12519
421,421,12545
422,422,12558
423,423,12571
424,424,12584
425,425,12597
426,426,12610
427,427,12623
428,428,12636
429,429,12649
430,430,12675
431,431,12688
432,432,12701
433,433,12714
434,434,12740
435,435,12753
436,436,12766
437,437,12779
438,438,12805
439,439,12831
440,440,12844
441,441,12857
442,442,12870
443,443,12909
444,444,12935
445,445,12948
446,446,12961
447,447,12974
448,448,12987
449,449,15613
450,450,15626
451,451,15639
452,452,15665
453,453,15678
454,454,15691
455,455,15704
456,456,15717
457,457,15730
458,458,15743
459,459,15756
460,460,15769
461,461,15795
462,462,15808
463,463,15821
464,464,15834
465,465,15847
466,466,15951
467,467,16042
468,468,16458
469,469,16471
470,470,16744
471,471,16757
472,472,16848
473,473,17004
474,474,17069
475,475,17121
476,476,22048
477,477,24336
478,478,24648
479,479,24882
480,480,25545
481,481,25727
482,482,26013
483,483,26026
484,484,26039
485,485,26052
486,486,26065
487,487,26078
488,488,26091
489,489,26104
490,490,26117
491,491,26130
492,492,26143
493,493,26156
494,494,26169
495,495,26182
496,496,26195
497,497,26208
498,498,26221
499,499,26247
500,500,26260
501,501,26273
502,502,26286
503,503,26299
504,504,26312
505,505,26325
506,506,26338
507,507,26351
508,508,26364
509,509,26377
510,510,26390
511,511,26403
512,512,26416
513,513,26429
514,514,26442
515,515,26455
516,516,26468
517,517,26481
518,518,26494
519,519,26507
520,520,26520
521,521,26533
522,522,26546
523,523,26559
524,524,26572
525,525,26585
526,526,26598
527,527,26611
528,528,26624
529,529,26637
530,530,26650
531,531,26663
532,532,26676
533,533,26689
534,534,26702
535,535,26715
536,536,26728
537,537,26741
538,538,26754
539,539,26767
540,540,26780
541,541,26793
542,542,26806
543,543,26819
544,544,26832
545,545,26845
546,546,26858
547,547,26871
548,548,26884
549,549,26897
550,550,26936
551,551,26949
552,552,26962
553,553,26975
554,554,26988
555,555,27001
556,556,27014
557,557,27027
558,558,27040
559,559,27053
560,560,27066
561,561,27079
562,562,27092
563,563,27105
564,564,27118
565,565,27131
566,566,27144
567,567,27157
568,568,27170
569,569,27183
570,570,27196
571,571,27209
572,572,27222
573,573,27235
574,574,27248
575,575,27261
576,576,27274
577,577,27287
578,578,27300
579,579,27313
580,580,27326
581,581,27339
582,582,27352
583,583,27365
584,584,27378
585,585,27391
586,586,27404
587,587,27417
588,588,27430
589,589,27443
590,590,27456
591,591,27469
592,592,27482
593,593,27495
594,594,27508
595,595,27521
596,596,27534
597,597,27547
598,598,27560
599,599,27573
600,600,27586
601,601,27599
602,602,27612
603,603,27625
604,604,27638
605,605,27651
606,606,27664
607,607,27677
608,608,27690
609,609,27703
610,610,27716
611,611,27729
612,612,27742
613,613,27755
614,614,27768
615,615,27781
616,616,27794
617,617,27807
618,618,27820
619,619,27833
620,620,27846
621,621,27872
622,622,27885
623,623,27898
624,624,27911
625,625,27924
626,626,27937
627,627,27950
628,628,27963
629,629,27976
630,630,27989
631,631,28002
632,632,28015
633,633,28028
634,634,28041
635,635,28054
636,636,28067
637,637,28080
638,638,28093
639,639,28106
640,640,28119
641,641,28132
642,642,28145
643,643,28158
644,644,28171
645,645,28184
646,646,28197
647,647,28210
648,648,28223
649,649,28236
650,650,28249
651,651,28262
652,652,28275
653,653,28288
654,654,28301
655,655,28314
656,656,28327
657,657,28340
658,658,28353
659,659,28366
660,660,28379
661,661,28392
662,662,28405
663,663,28418
664,664,28431
665,665,28444
666,666,28457
667,667,28470
668,668,28483
669,669,28496
670,670,28509
671,671,28522
672,672,28535
673,673,28548
674,674,28561
675,675,28574
676,676,28587
677,677,28600
678,678,28613
679,679,28626
680,680,28639
681,681,28652
682,682,28665
683,683,28678
684,684,28691
685,685,28704
686,686,28717
687,687,28730
688,688,28743
689,689,28756
690,690,28769
691,691,28782
692,692,28795
693,693,28808
694,694,28821
695,695,28834
696,696,28847
697,697,28873
698,698,28886
699,699,28899
700,700,28912
701,701,28925
702,702,28938
703,703,28951
704,704,28964
705,705,28977
706,706,28990
707,707,29003
708,708,29016
709,709,29029
710,710,29042
711,711,29055
712,712,29068
713,713,29081
714,714,29094
715,715,29107
716,716,29120
717,717,29133
718,718,29146
719,719,29159
720,720,29172
721,721,29185
722,722,29198
723,723,29211
724,724,29224
725,725,29237
726,726,29250
727,727,29263
728,728,29276
729,729,29289
730,730,29302
731,731,29315
732,732,29328
733,733,29354
734,734,29367
735,735,29393
736,736,29406
737,737,29419
738,738,29432
739,739,29445
740,740,29458
741,741,29471
742,742,29484
743,743,29497
744,744,29510
745,745,29523
746,746,29536
747,747,29549
748,748,29562
749,749,29575
750,750,29588
751,751,29601
752,752,29614
753,753,29627
754,754,29640
755,755,29653
756,756,29666
757,757,29679
758,758,29692
759,759,29705
760,760,29718
761,761,29731
762,762,29744
763,763,29757
764,764,29770
765,765,29783
766,766,29796
767,767,29809
768,768,29822
769,769,29835
770,770,29848
771,771,29861
772,772,29874
773,773,29887
774,774,29900
775,775,29913
776,776,29926
777,777,29939
778,778,29952
779,779,29965
780,780,29978
781,781,29991
782,782,30004
783,783,30017
784,784,30030
785,785,30043
786,786,30056
787,787,30069
788,788,30082
789,789,30095
790,790,30108
791,791,30121
792,792,30134
793,793,30147
794,794,30160
795,795,30173
796,796,30186
797,797,30199
798,798,30212
799,799,30225
800,800,30238
801,801,30251
802,802,30264
803,803,30277
804,804,30290
805,805,30303
806,806,30316
807,807,30329
808,808,30342
809,809,30355
810,810,30368
811,811,30381
812,812,30394
813,813,30407
814,814,30420
815,815,30433
816,816,30446
817,817,30459
818,818,30472
819,819,30485
820,820,30498
821,821,30511
822,822,30524
823,823,30537
824,824,30550
825,825,30563
826,826,30576
827,827,30589
828,828,30602
829,829,30615
830,830,30628
831,831,30641
832,832,30654
833,833,30680
834,834,30693
835,835,30706
836,836,30719
837,837,30732
838,838,30745
839,839,30758
840,840,30771
841,841,30784
842,842,30797
843,843,30810
844,844,30823
845,845,30836
846,846,30849
847,847,30862
848,848,30875
849,849,30888
850,850,30901
851,851,30914
852,852,30927
853,853,30940
854,854,30953
855,855,30966
856,856,30979
857,857,30992
858,858,31005
859,859,31018
860,860,31031
861,861,31044
862,862,31057
863,863,31070
864,864,31083
865,865,31096
866,866,31109
867,867,31122
868,868,31135
869,869,31148
870,870,31161
871,871,31174
872,872,31187
873,873,31200
874,874,31213
875,875,31226
876,876,31239
877,877,31252
878,878,31265
879,879,31278
880,880,31291
881,881,31304
882,882,31317
883,883,31330
884,884,31343
885,885,31356
886,886,31369
887,887,31382
888,888,31395
889,889,31408
890,890,31421
891,891,31434
892,892,31447
893,893,31460
894,894,31473
895,895,31486
896,896,31499
897,897,31512
898,898,31525
899,899,31538
900,900,31551
901,901,31564
902,902,31577
903,903,31590
904,904,31603
905,905,31616
906,906,31629
907,907,31642
908,908,31655
909,909,31668
910,910,31681
911,911,31694
912,912,31707
913,913,31720
914,914,31733
915,915,31746
916,916,31759
917,917,31772
918,918,31785
919,919,31798
920,920,31811
921,921,31824
922,922,31837
923,923,31863
924,924,31876
925,925,31889
926,926,31902
927,927,31915
928,928,31928
929,929,31941
930,930,31954
931,931,31967
932,932,31980
933,933,31993
934,934,32006
935,935,32019
936,936,32032
937,937,32045
938,938,32058
939,939,32071
940,940,32084
941,941,32097
942,942,32110
943,943,32123
944,944,32136
945,945,32149
946,946,32162
947,947,32175
948,948,32188
949,949,32214
950,950,32227
951,951,32240
952,952,32253
953,953,32266
954,954,32279
955,955,32292
956,956,32305
957,957,32318
958,958,32331
959,959,32344
960,960,32357
961,961,32370
962,962,32383
963,963,32396
964,964,32409
965,965,32422
966,966,32435
967,967,32448
968,968,32461
969,969,32474
970,970,32487
971,971,32500
972,972,32513
973,973,32526
974,974,32539
975,975,32552
976,976,32565
977,977,32578
978,978,32591
979,979,32604
980,980,32630
981,981,32643
982,982,32656
983,983,32669
984,984,32682
985,985,32695
986,986,32708
987,987,32721
988,988,32734
989,989,32747
990,990,32760
991,991,32773
992,992,32786
993,993,32799
994,994,32812
995,995,32838
996,996,32851
997,997,32864
998,998,32877
999,999,32890
1000,1000,32903
1001,1001,32916
1002,1002,32929
1003,1003,32942
1004,1004,32955
1005,1005,32968
1006,1006,32981
1007,1007,32994
1008,1008,33007
1009,1009,33020
1010,1010,33033
1011,1011,33046
1012,1012,33059
1013,1013,33072
1014,1014,33085
1015,1015,33098
1016,1016,33111
1017,1017,33124
1018,1018,33137
1019,1019,33150
1020,1020,33163
1021,1021,33176
1022,1022,33189
1023,1023,33202
1024,1024,33215
1025,1025,33228
1026,1026,33241
1027,1027,33254
1028,1028,33267
1029,1029,33280
1030,1030,33293
1031,1031,33306
1032,1032,33319
1033,1033,33332
1034,1034,33345
1035,1035,33358
1036,1036,33371
1037,1037,33384
1038,1038,33397
1039,1039,33410
1040,1040,33423
1041,1041,33436
1042,1042,33449
1043,1043,33462
1044,1044,33475
1045,1045,33488
1046,1046,33501
1047,1047,33514
1048,1048,33527
1049,1049,33540
1050,1050,33553
1051,1051,33566
1052,1052,33579
1053,1053,33592
1054,1054,33605
1055,1055,33618
1056,1056,33631
1057,1057,33644
1058,1058,33657
1059,1059,33670
1060,1060,33683
1061,1061,33696
1062,1062,33709
1063,1063,33722
1064,1064,33735
1065,1065,33748
1066,1066,33761
1067,1067,33774
1068,1068,33787
1069,1069,33800
1070,1070,33813
1071,1071,33826
1072,1072,33839
1073,1073,33865
1074,1074,33878
1075,1075,33891
1076,1076,33904
1077,1077,33917
1078,1078,33930
1079,1079,33943
1080,1080,33956
1081,1081,33969
1082,1082,33982
1083,1083,33995
1084,1084,34008
1085,1085,34021
1086,1086,34034
1087,1087,34047
1088,1088,34060
1089,1089,34073
1090,1090,34086
1091,1091,34099
1092,1092,34112
1093,1093,34125
1094,1094,34138
1095,1095,34151
1096,1096,34164
1097,1097,34177
1098,1098,34190
1099,1099,34203
1100,1100,34216
1101,1101,34229
1102,1102,34242
1103,1103,34255
1104,1104,34268
1105,1105,34281
1106,1106,34294
1107,1107,34307
1108,1108,34320
1109,1109,34333
1110,1110,34346
1111,1111,34359
1112,1112,34372
1113,1113,34385
1114,1114,34398
1115,1115,34411
1116,1116,34424
1117,1117,34437
1118,1118,34450
1119,1119,34463
1120,1120,34476
1121,1121,34489
1122,1122,34502
1123,1123,34515
1124,1124,34528
1125,1125,34541
1126,1126,34554
1127,1127,34567
1128,1128,34580
1129,1129,34593
1130,1130,34606
1131,1131,34619
1132,1132,34632
1133,1133,34645
1134,1134,34658
1135,1135,34671
1136,1136,34684
1137,1137,34697
1138,1138,34710
1139,1139,34723
1140,1140,34736
1141,1141,34749
1142,1142,34762
1143,1143,34775
1144,1144,34788
1145,1145,34801
1146,1146,34814
1147,1147,34827
1148,1148,34853
1149,1149,34866
1150,1150,34879
1151,1151,34892
1152,1152,34905
1153,1153,34918
1154,1154,34931
1155,1155,34944
1156,1156,34957
1157,1157,34970
1158,1158,34983
1159,1159,34996
1160,1160,35009
1161,1161,35022
1162,1162,35035
1163,1163,35048
1164,1164,35061
1165,1165,35074
1166,1166,35087
1167,1167,35100
1168,1168,35113
1169,1169,35126
1170,1170,35139
1171,1171,35165
1172,1172,35178
1173,1173,35191
1174,1174,35204
1175,1175,35217
1176,1176,35256
1177,1177,35269
1178,1178,35282
1179,1179,35295
1180,1180,35308
1181,1181,35321
1182,1182,35334
1183,1183,35347
1184,1184,35373
1185,1185,35386
1186,1186,35399
1187,1187,35412
1188,1188,35425
1189,1189,35438
1190,1190,35451
1191,1191,35464
1192,1192,35477
1193,1193,35490
1194,1194,35503
1195,1195,35516
1196,1196,35529
1197,1197,35542
1198,1198,35555
1199,1199,35568
1200,1200,35581
1201,1201,35594
1202,1202,35607
1203,1203,35620
1204,1204,35633
1205,1205,35646
1206,1206,35659
1207,1207,35685
1208,1208,35698
1209,1209,35711
1210,1210,35724
1211,1211,35737
1212,1212,35750
1213,1213,35763
1214,1214,35776
1215,1215,35789
1216,1216,35815
1217,1217,35828
1218,1218,35841
1219,1219,35854
1220,1220,35867
1221,1221,35880
1222,1222,35893
1223,1223,35906
1224,1224,35919
1225,1225,35945
1226,1226,35958
1227,1227,35971
1228,1228,35984
1229,1229,35997
1230,1230,36010
1231,1231,36023
1232,1232,36036
1233,1233,36049
1234,1234,36062
1235,1235,36075
1236,1236,36088
1237,1237,36101
1238,1238,36114
1239,1239,36127
1240,1240,36140
1241,1241,36153
1242,1242,36166
1243,1243,36179
1244,1244,36205
1245,1245,36218
1246,1246,36231
1247,1247,36244
1248,1248,36257
1249,1249,36270
1250,1250,36283
1251,1251,36296
1252,1252,36309
1253,1253,36335
1254,1254,36348
1255,1255,36361
1256,1256,36374
1257,1257,36387
1258,1258,36400
1259,1259,36413
1260,1260,36426
1261,1261,36439
1262,1262,36465
1263,1263,36478
1264,1264,36491
1265,1265,36504
1266,1266,36517
1267,1267,36530
1268,1268,36543
1269,1269,36556
1270,1270,36569
1271,1271,36595
1272,1272,36608
1273,1273,36621
1274,1274,36634
1275,1275,36647
1276,1276,36660
1277,1277,36673
1278,1278,36686
1279,1279,36699
1280,1280,36712
1281,1281,36725
1282,1282,36738
1283,1283,36751
1284,1284,36764
1285,1285,36777
1286,1286,36790
1287,1287,36803
1288,1288,36816
1289,1289,36829
1290,1290,36855
1291,1291,36868
1292,1292,36881
1293,1293,36894
1294,1294,36907
1295,1295,36920
1296,1296,36933
1297,1297,36946
1298,1298,36959
1299,1299,36985
1300,1300,36998
1301,1301,37011
1302,1302,37024
1303,1303,37037
1304,1304,37050
1305,1305,37063
1306,1306,37076
1307,1307,37089
1308,1308,37115
1309,1309,37128
1310,1310,37141
1311,1311,37154
1312,1312,37167
1313,1313,37180
1314,1314,37193
1315,1315,37206
1316,1316,37219
1317,1317,37232
1318,1318,37245
1319,1319,37258
1320,1320,37271
1321,1321,37284
1322,1322,37297
1323,1323,37310
1324,1324,37323
1325,1325,37336
1326,1326,37349
1327,1327,37375
1328,1328,37388
1329,1329,37401
1330,1330,37414
1331,1331,37427
1332,1332,37440
1333,1333,37453
1334,1334,37466
1335,1335,37479
1336,1336,37492
1337,1337,37505
1338,1338,37518
1339,1339,37531
1340,1340,37544
1341,1341,37557
1342,1342,37570
1343,1343,37583
1344,1344,37596
1345,1345,37609
1346,1346,37635
1347,1347,37648
1348,1348,37661
1349,1349,37674
1350,1350,37687
1351,1351,37700
1352,1352,37713
1353,1353,37726
1354,1354,37739
1355,1355,37765
1356,1356,37778
1357,1357,37791
1358,1358,37804
1359,1359,37817
1360,1360,37830
1361,1361,37843
1362,1362,37856
1363,1363,37869
1364,1364,37895
1365,1365,37908
1366,1366,37921
1367,1367,37934
1368,1368,37947
1369,1369,37960
1370,1370,37973
1371,1371,37986
1372,1372,37999
1373,1373,38025
1374,1374,38038
1375,1375,38051
1376,1376,38064
1377,1377,38077
1378,1378,38090
1379,1379,38103
1380,1380,38116
1381,1381,38129
1382,1382,38155
1383,1383,38168
1384,1384,38181
1385,1385,38194
1386,1386,38207
1387,1387,38220
1388,1388,38233
1389,1389,38246
1390,1390,38259
1391,1391,38285
1392,1392,38298
1393,1393,38311
1394,1394,38324
1395,1395,38337
1396,1396,38350
1397,1397,38363
1398,1398,38376
1399,1399,38389
1400,1400,38415
1401,1401,38428
1402,1402,38441
1403,1403,38454
1404,1404,38467
1405,1405,38480
1406,1406,38493
1407,1407,38506
1408,1408,38519
1409,1409,38545
1410,1410,38558
1411,1411,38571
1412,1412,38584
1413,1413,38597
1414,1414,38610
1415,1415,38623
1416,1416,38636
1417,1417,38649
1418,1418,38675
1419,1419,38688
1420,1420,38701
1421,1421,38714
1422,1422,38727
1423,1423,38740
1424,1424,38753
1425,1425,38766
1426,1426,38779
1427,1427,38792
1428,1428,38805
1429,1429,38818
1430,1430,38831
1431,1431,38844
1432,1432,38857
1433,1433,38870
1434,1434,38883
1435,1435,38896
1436,1436,38909
1437,1437,38935
1438,1438,38948
1439,1439,38961
1440,1440,38974
1441,1441,38987
1442,1442,39000
1443,1443,39013
1444,1444,39026
1445,1445,39039
1446,1446,39052
1447,1447,39065
1448,1448,39078
1449,1449,39091
1450,1450,39104
1451,1451,39117
1452,1452,39130
1453,1453,39143
1454,1454,39156
1455,1455,39169
1456,1456,39195
1457,1457,39208
1458,1458,39221
1459,1459,39234
1460,1460,39247
1461,1461,39260
1462,1462,39273
1463,1463,39286
1464,1464,39299
1465,1465,39325
1466,1466,39338
1467,1467,39351
1468,1468,39364
1469,1469,39377
1470,1470,39390
1471,1471,39403
1472,1472,39416
1473,1473,39429
1474,1474,39455
1475,1475,39468
1476,1476,39481
1477,1477,39494
1478,1478,39507
1479,1479,39520
1480,1480,39533
1481,1481,39546
1482,1482,39559
1483,1483,49608
1484,1484,800000
1485,1485,800052
1486,1486,800078
1487,1487,800091
1488,1488,800104
1489,1489,800117
1490,1490,800130
1491,1491,800143
1492,1492,800156
1493,1493,800195
1494,1494,800208
1495,1495,800221
1496,1496,800234
1497,1497,800247
1498,1498,800260
1499,1499,800273
1500,1500,800286
1501,1501,800299
1502,1502,800325
1503,1503,800338
1504,1504,800351
1505,1505,800364
1506,1506,800377
1507,1507,800390
1508,1508,800403
1509,1509,800416
1510,1510,800429
1511,1511,800455
1512,1512,800468
1513,1513,800481
1514,1514,800494
1515,1515,800507
1516,1516,800624
1517,1517,800650
1518,1518,800663
1519,1519,800676
1520,1520,800689
1521,1521,800702
1522,1522,800715
1523,1523,800728
1524,1524,800741
1525,1525,800754
1526,1526,800767
1527,1527,800780
1528,1528,800793
1529,1529,800806
1530,1530,800819
1531,1531,800832
1532,1532,800858
1533,1533,800871
1534,1534,800910
1535,1535,800923
1536,1536,800936
1537,1537,800949
1538,1538,800975
1539,1539,800988
1540,1540,801001
1541,1541,801014
1542,1542,801027
1543,1543,801040
1544,1544,801053
1545,1545,801066
1546,1546,801079
1547,1547,801092
1548,1548,801105
1549,1549,801144
1550,1550,801157
1551,1551,801170
1552,1552,801183
1553,1553,801209
1554,1554,801222
1555,1555,801235
1556,1556,801248
1557,1557,801261
1558,1558,801274
1559,1559,801287
1560,1560,801300
1561,1561,801313
1562,1562,801339
1563,1563,801352
1564,1564,801365
1565,1565,801378
1566,1566,801391
1567,1567,801404
1568,1568,801417
1569,1569,801430
1570,1570,801443
1571,1571,801456
1572,1572,801469
1573,1573,801482
1574,1574,801495
1575,1575,801508
1576,1576,801521
1577,1577,801534
1578,1578,801547
1579,1579,801560
1580,1580,801573
1581,1581,801586
1582,1582,801599
1583,1583,801625
1584,1584,801638
1585,1585,801651
1586,1586,801664
1587,1587,801677
1588,1588,801690
1589,1589,801703
1590,1590,801716
1591,1591,801729
1592,1592,801755
1593,1593,801768
1594,1594,801781
1595,1595,801794
1596,1596,801807
1597,1597,801833
1598,1598,801859
1599,1599,801885
1600,1600,801898
1601,1601,801924
1602,1602,801937
1603,1603,801950
1604,1604,801963
1605,1605,801976
1606,1606,801989
1607,1607,802015
1608,1608,802028
1609,1609,802041
1610,1610,802054
1611,1611,802067
1612,1612,802080
1613,1613,802093
1614,1614,802106
1615,1615,802119
1616,1616,802145
1617,1617,802158
1618,1618,802171
1619,1619,802184
1620,1620,802197
1621,1621,802210
1622,1622,802223
1623,1623,802236
1624,1624,802249
1625,1625,802288
1626,1626,802301
1627,1627,802314
1628,1628,802327
1629,1629,802340
1630,1630,802366
1631,1631,802379
1632,1632,802392
1633,1633,802405
1634,1634,802418
1635,1635,802431
1636,1636,802444
1637,1637,802457
1638,1638,802470
1639,1639,802483
1640,1640,802496
1641,1641,802509
1642,1642,802535
1643,1643,802548
1644,1644,802561
1645,1645,802574
1646,1646,802587
1647,1647,802600
1648,1648,802613
1649,1649,802626
1650,1650,802639
1651,1651,802678
1652,1652,802691
1653,1653,802704
1654,1654,802717
1655,1655,802730
1656,1656,802743
1657,1657,802756
1658,1658,802769
1659,1659,802795
1660,1660,802808
1661,1661,802821
1662,1662,802834
1663,1663,802847
1664,1664,802860
1665,1665,802873
1666,1666,802886
1667,1667,802899
1668,1668,802925
1669,1669,802938
1670,1670,802951
1671,1671,802964
1672,1672,802977
1673,1673,802990
1674,1674,803003
1675,1675,803016
1676,1676,803029
1677,1677,803042
1678,1678,803055
1679,1679,803068
1680,1680,803081
1681,1681,803094
1682,1682,803107
1683,1683,803133
1684,1684,803146
1685,1685,803159
1686,1686,803198
1687,1687,803224
1688,1688,803237
1689,1689,803250
1690,1690,803263
1691,1691,803276
1692,1692,803315
1693,1693,803328
1694,1694,803341
1695,1695,803354
1696,1696,803367
1697,1697,803380
1698,1698,803393
1699,1699,803406
1700,1700,803445
1701,1701,803458
1702,1702,803471
1703,1703,803484
1704,1704,803497
1705,1705,803523
1706,1706,803536
1707,1707,803549
1708,1708,803575
1709,1709,803588
1710,1710,803601
1711,1711,803614
1712,1712,803627
1713,1713,803640
1714,1714,803653
1715,1715,803666
1716,1716,803679
1717,1717,803692
1718,1718,803705
1719,1719,803731
1720,1720,803744
1721,1721,803757
1722,1722,803770
1723,1723,803783
1724,1724,803796
1725,1725,803809
1726,1726,803835
1727,1727,803861
1728,1728,803874
1729,1729,803887
1730,1730,803900
1731,1731,803913
1732,1732,803926
1733,1733,803939
1734,1734,803965
1735,1735,803978
1736,1736,803991
1737,1737,804004
1738,1738,804017
1739,1739,804030
1740,1740,804043
1741,1741,804056
1742,1742,804069
1743,1743,804095
1744,1744,804108
1745,1745,804134
1746,1746,804147
1747,1747,804160
1748,1748,804173
1749,1749,804186
1750,1750,804199
1751,1751,804225
1752,1752,804238
1753,1753,804251
1754,1754,804264
1755,1755,804277
1756,1756,804290
1757,1757,804303
1758,1758,804316
1759,1759,804329
1760,1760,804355
1761,1761,804368
1762,1762,804381
1763,1763,804394
1764,1764,804407
1765,1765,804420
1766,1766,804459
1767,1767,804485
1768,1768,804498
1769,1769,804524
1770,1770,804550
1771,1771,804563
1772,1772,804576
1773,1773,804589
1774,1774,804602
1775,1775,804615
1776,1776,804628
1777,1777,804654
1778,1778,804667
1779,1779,804680
1780,1780,804693
1781,1781,804706
1782,1782,804719
1783,1783,804745
1784,1784,804758
1785,1785,804771
1786,1786,804784
1787,1787,804797
1788,1788,804810
1789,1789,804823
1790,1790,804836
1791,1791,804849
1792,1792,804875
1793,1793,804888
1794,1794,804901
1795,1795,804914
1796,1796,804927
1797,1797,804940
1798,1798,804953
1799,1799,804966
1800,1800,804979
1801,1801,805005
1802,1802,805018
1803,1803,805031
1804,1804,805044
1805,1805,805057
1806,1806,805070
1807,1807,805083
1808,1808,805096
1809,1809,805109
1810,1810,805135
1811,1811,805148
1812,1812,805161
1813,1813,805174
1814,1814,805187
1815,1815,805200
1816,1816,805239
1817,1817,805265
1818,1818,805278
1819,1819,805304
1820,1820,805317
1821,1821,805330
1822,1822,805395
1823,1823,805408
1824,1824,805434
1825,1825,805447
1826,1826,805460
1827,1827,805473
1828,1828,805486
1829,1829,805499
1830,1830,805525
1831,1831,805538
1832,1832,805564
1833,1833,805577
1834,1834,805629
1835,1835,805655
1836,1836,805668
1837,1837,805694
1838,1838,805707
1839,1839,805772
1840,1840,805798
1841,1841,805824
1842,1842,805837
1843,1843,805876
1844,1844,805915
1845,1845,805928
1846,1846,805954
1847,1847,805967
1848,1848,805980
1849,1849,805993
1850,1850,806006
1851,1851,806019
1852,1852,806058
1853,1853,806071
1854,1854,806084
1855,1855,806097
1856,1856,806110
1857,1857,806175
1858,1858,806188
1859,1859,806201
1860,1860,806214
1861,1861,806227
1862,1862,806240
1863,1863,806253
1864,1864,806266
1865,1865,806279
1866,1866,806318
1867,1867,806331
1868,1868,806344
1869,1869,806357
1870,1870,806370
1871,1871,806383
1872,1872,806409
1873,1873,806435
1874,1874,806448
1875,1875,806461
1876,1876,806474
1877,1877,806487
1878,1878,806500
1879,1879,806513
1880,1880,806526
1881,1881,806539
1882,1882,806565
1883,1883,806578
1884,1884,806591
1885,1885,806604
1886,1886,806617
1887,1887,806630
1888,1888,806643
1889,1889,806656
1890,1890,806669
1891,1891,806695
1892,1892,806708
1893,1893,806721
1894,1894,806734
1895,1895,806747
1896,1896,806760
1897,1897,806773
1898,1898,806786
1899,1899,806799
1900,1900,806825
1901,1901,806838
1902,1902,806851
1903,1903,806864
1904,1904,806877
1905,1905,806890
1906,1906,806903
1907,1907,806916
1908,1908,806929
1909,1909,806955
1910,1910,806968
1911,1911,806981
1912,1912,806994
1913,1913,807007
1914,1914,807020
1915,1915,807059
1916,1916,807085
1917,1917,807098
1918,1918,807111
1919,1919,807124
1920,1920,807137
1921,1921,807150
1922,1922,807163
1923,1923,807176
1924,1924,807215
1925,1925,807228
1926,1926,807241
1927,1927,807254
1928,1928,807267
1929,1929,807280
1930,1930,807293
1931,1931,807306
1932,1932,807319
1933,1933,807345
1934,1934,807358
1935,1935,807371
1936,1936,807384
1937,1937,807397
1938,1938,807410
1939,1939,807423
1940,1940,807436
1941,1941,807449
1942,1942,807475
1943,1943,807488
1944,1944,807501
1945,1945,807514
1946,1946,807527
1947,1947,807540
1948,1948,807553
1949,1949,807566
1950,1950,807579
1951,1951,807592
1952,1952,807605
1953,1953,807618
1954,1954,807631
1955,1955,807644
1956,1956,807657
1957,1957,807670
1958,1958,807696
1959,1959,807709
1960,1960,807722
1961,1961,807735
1962,1962,807748
1963,1963,807761
1964,1964,807774
1965,1965,807787
1966,1966,807800
1967,1967,807813
1968,1968,807826
1969,1969,807839
1970,1970,807852
1971,1971,807865
1972,1972,807878
1973,1973,807904
1974,1974,807917
1975,1975,807930
1976,1976,807943
1977,1977,807956
1978,1978,807969
1979,1979,807995
1980,1980,808008
1981,1981,808021
1982,1982,808034
1983,1983,808047
1984,1984,808060
1985,1985,808073
1986,1986,808086
1987,1987,808099
1988,1988,808112
1989,1989,808138
1990,1990,808164
1991,1991,808177
1992,1992,808190
1993,1993,808229
1994,1994,808255
1995,1995,808268
1996,1996,808281
1997,1997,808294
1998,1998,808307
1999,1999,808320
2000,2000,808333
2001,2001,808346
2002,2002,808359
2003,2003,808372
2004,2004,808385
2005,2005,808411
2006,2006,808424
2007,2007,808437
2008,2008,808450
2009,2009,808463
2010,2010,808476
2011,2011,808489
2012,2012,808502
2013,2013,808515
2014,2014,808541
2015,2015,808554
2016,2016,808580
2017,2017,808593
2018,2018,808606
2019,2019,808619
2020,2020,808632
2021,2021,808645
2022,2022,808658
2023,2023,808671
2024,2024,808684
2025,2025,808723
2026,2026,808749
2027,2027,808762
2028,2028,808775
2029,2029,808788
2030,2030,808814
2031,2031,808827
2032,2032,808853
2033,2033,808866
2034,2034,808879
2035,2035,808892
2036,2036,808905
2037,2037,808918
2038,2038,808944
2039,2039,808957
2040,2040,808970
2041,2041,808983
2042,2042,808996
2043,2043,809009
2044,2044,809022
2045,2045,809035
2046,2046,809048
2047,2047,809061
2048,2048,809074
2049,2049,809087
2050,2050,809126
2051,2051,809139
2052,2052,809152
2053,2053,809165
2054,2054,809178
2055,2055,809191
2056,2056,809204
2057,2057,809230
2058,2058,809243
2059,2059,809256
2060,2060,809269
2061,2061,809282
2062,2062,809295
2063,2063,809308
2064,2064,809321
2065,2065,809334
2066,2066,809347
2067,2067,809360
2068,2068,809373
2069,2069,809386
2070,2070,809412
2071,2071,809425
2072,2072,809438
2073,2073,809451
2074,2074,809464
2075,2075,809477
2076,2076,809490
2077,2077,809503
2078,2078,809516
2079,2079,809529
2080,2080,809542
2081,2081,809555
2082,2082,809568
2083,2083,809581
2084,2084,809594
2085,2085,809607
2086,2086,809620
2087,2087,809633
2088,2088,809646
2089,2089,809659
2090,2090,809672
2091,2091,809685
2092,2092,809698
2093,2093,809724
2094,2094,809737
2095,2095,809750
2096,2096,809763
2097,2097,809789
2098,2098,809802
2099,2099,809815
2100,2100,809828
2101,2101,809841
2102,2102,809854
2103,2103,809867
2104,2104,809880
2105,2105,809893
2106,2106,809919
2107,2107,809932
2108,2108,809945
2109,2109,809958
2110,2110,809971
2111,2111,809984
2112,2112,809997
2113,2113,810010
2114,2114,810023
2115,2115,810049
2116,2116,810062
2117,2117,810075
2118,2118,810088
2119,2119,810101
2120,2120,810114
2121,2121,810127
2122,2122,810140
2123,2123,810153
2124,2124,810166
2125,2125,810179
2126,2126,810192
2127,2127,810205
2128,2128,810231
2129,2129,810257
2130,2130,810270
2131,2131,810283
2132,2132,810296
2133,2133,810309
2134,2134,810322
2135,2135,810335
2136,2136,810348
2137,2137,810361
2138,2138,810374
2139,2139,810400
2140,2140,810413
2141,2141,810426
2142,2142,810439
2143,2143,810452
2144,2144,810465
2145,2145,810491
2146,2146,810504
2147,2147,810517
2148,2148,810530
2149,2149,810543
2150,2150,810556
2151,2151,810582
2152,2152,810595
2153,2153,810608
2154,2154,810621
2155,2155,810634
2156,2156,810647
2157,2157,810660
2158,2158,810673
2159,2159,810686
2160,2160,810699
2161,2161,810712
2162,2162,810725
2163,2163,810738
2164,2164,810751
2165,2165,810764
2166,2166,810777
2167,2167,810790
2168,2168,810803
2169,2169,810829
2170,2170,810842
2171,2171,810855
2172,2172,810868
2173,2173,810881
2174,2174,810894
2175,2175,810907
2176,2176,810933
2177,2177,810959
2178,2178,810972
2179,2179,810985
2180,2180,810998
2181,2181,811011
2182,2182,811024
2183,2183,811050
2184,2184,811063
2185,2185,811089
2186,2186,811102
2187,2187,811115
2188,2188,811128
2189,2189,811141
2190,2190,811154
2191,2191,811167
2192,2192,811180
2193,2193,811193
2194,2194,811206
2195,2195,811219
2196,2196,811232
2197,2197,811245
2198,2198,811258
2199,2199,811271
2200,2200,811284
2201,2201,811297
2202,2202,811310
2203,2203,811323
2204,2204,811336
2205,2205,811349
2206,2206,811362
2207,2207,811375
2208,2208,811388
2209,2209,811401
2210,2210,811427
2211,2211,811440
2212,2212,811453
2213,2213,811466
2214,2214,811479
2215,2215,811492
2216,2216,811505
2217,2217,811518
2218,2218,811531
2219,2219,811544
2220,2220,811557
2221,2221,811570
2222,2222,811596
2223,2223,811609
2224,2224,811622
2225,2225,811635
2226,2226,811648
2227,2227,811661
2228,2228,811674
2229,2229,811700
2230,2230,811713
2231,2231,811739
2232,2232,811765
2233,2233,811778
2234,2234,811804
2235,2235,811817
2236,2236,811908
2237,2237,811921
2238,2238,811934
2239,2239,811947
2240,2240,812038
2241,2241,812051
2242,2242,812064
2243,2243,812077
2244,2244,812129
2245,2245,812155
2246,2246,812168
2247,2247,812207
2248,2248,812233
2249,2249,812415
2250,2250,812428
2251,2251,812454
2252,2252,812467
2253,2253,812480
2254,2254,812493
2255,2255,812506
2256,2256,812519
2257,2257,812545
2258,2258,812558
2259,2259,812571
2260,2260,812584
2261,2261,812597
2262,2262,812610
2263,2263,812623
2264,2264,812649
2265,2265,812675
2266,2266,812688
2267,2267,812701
2268,2268,812727
2269,2269,812740
2270,2270,812753
2271,2271,812766
2272,2272,812779
2273,2273,812792
2274,2274,812805
2275,2275,812818
2276,2276,812831
2277,2277,812844
2278,2278,812857
2279,2279,812870
2280,2280,812896
2281,2281,812909
2282,2282,812935
2283,2283,812948
2284,2284,812961
2285,2285,812974
2286,2286,812987
2287,2287,813000
2288,2288,813013
2289,2289,813026
2290,2290,813039
2291,2291,813065
2292,2292,813078
2293,2293,813091
2294,2294,813104
2295,2295,813117
2296,2296,813130
2297,2297,813143
2298,2298,813156
2299,2299,813195
2300,2300,813208
2301,2301,813234
2302,2302,813247
2303,2303,813260
2304,2304,813273
2305,2305,813364
2306,2306,813494
2307,2307,813754
2308,2308,813858
2309,2309,813884
2310,2310,813897
2311,2311,814001
2312,2312,814118
2313,2313,814144
2314,2314,814274
2315,2315,814287
2316,2316,814300
2317,2317,814313
2318,2318,814378
2319,2319,814391
2320,2320,814404
2321,2321,814443
2322,2322,814469
2323,2323,814508
2324,2324,814521
2325,2325,814534
2326,2326,814638
2327,2327,814651
2328,2328,814664
2329,2329,814781
2330,2330,814794
2331,2331,814807
2332,2332,815015
2333,2333,815028
2334,2334,815054
2335,2335,815106
2336,2336,815119
2337,2337,815158
2338,2338,815184
2339,2339,815197
2340,2340,815301
2341,2341,815327
2342,2342,815418
2343,2343,815431
2344,2344,815444
2345,2345,815574
2346,2346,815587
2347,2347,815600
2348,2348,815704
2349,2349,815743
2350,2350,815756
2351,2351,815808
2352,2352,815834
2353,2353,815886
2354,2354,815925
2355,2355,815938
2356,2356,815964
2357,2357,815977
2358,2358,816003
2359,2359,816029
2360,2360,816068
2361,2361,816094
2362,2362,816354
2363,2363,816627
2364,2364,816744
2365,2365,816874
2366,2366,817043
2367,2367,817134
2368,2368,817147
2369,2369,817238
2370,2370,817264
2371,2371,817290
2372,2372,817329
2373,2373,817368
2374,2374,817407
2375,2375,817680
2376,2376,817758
2377,2377,817784
2378,2378,817797
2379,2379,817875
2380,2380,817901
2381,2381,818044
2382,2382,818070
2383,2383,818174
2384,2384,818187
2385,2385,818928
2386,2386,819500
2387,2387,819656
2388,2388,819695
2389,2389,819734
2390,2390,819747
2391,2391,819864
2392,2392,820215
2393,2393,820358
2394,2394,820371
2395,2395,820384
2396,2396,820501
2397,2397,820527
2398,2398,820644
2399,2399,820735
2400,2400,820774
2401,2401,820787
2402,2402,820800
2403,2403,820813
2404,2404,820878
2405,2405,820891
2406,2406,820904
2407,2407,820917
2408,2408,820943
2409,2409,820995
2410,2410,821008
2411,2411,821034
2412,2412,821047
2413,2413,821164
2414,2414,821229
2415,2415,821268
2416,2416,821554
2417,2417,821645
2418,2418,821658
2419,2419,821684
2420,2420,821697
2421,2421,821801
2422,2422,821814
2423,2423,821918
2424,2424,821944
2425,2425,821957
2426,2426,822048
2427,2427,822074
2428,2428,822087
2429,2429,822100
2430,2430,822126
2431,2431,822321
2432,2432,822334
2433,2433,822451
2434,2434,822464
2435,2435,822958
2436,2436,823101
2437,2437,823114
2438,2438,823244
2439,2439,823257
2440,2440,823374
2441,2441,823387
2442,2442,823400
2443,2443,823413
2444,2444,823504
2445,2445,823543
2446,2446,823608
2447,2447,823634
2448,2448,823725
2449,2449,823751
2450,2450,823764
2451,2451,823894
2452,2452,824141
2453,2453,824154
2454,2454,824180
2455,2455,824245
2456,2456,824258
2457,2457,824284
2458,2458,824297
2459,2459,824336
2460,2460,824401
2461,2461,824414
2462,2462,824440
2463,2463,824453
2464,2464,824466
2465,2465,824518
2466,2466,824544
2467,2467,824570
2468,2468,824674
2469,2469,824687
2470,2470,824700
2471,2471,824713
2472,2472,824804
2473,2473,824908
2474,2474,824934
2475,2475,824947
2476,2476,824973
2477,2477,825064
2478,2478,825077
2479,2479,825129
2480,2480,825207
2481,2481,825337
2482,2482,825376
2483,2483,825428
2484,2484,825454
2485,2485,825519
2486,2486,825545
2487,2487,825558
2488,2488,825584
2489,2489,825597
2490,2490,825675
2491,2491,825805
2492,2492,825844
2493,2493,825857
2494,2494,825870
2495,2495,825883
2496,2496,825896
2497,2497,825935
2498,2498,825948
2499,2499,825961
2500,2500,825974
2501,2501,825987
2502,2502,839000
2503,2503,839013
2504,2504,839026
2505,2505,839039
2506,2506,839065
2507,2507,839078
2508,2508,839091
2509,2509,839104
2510,2510,839117
2511,2511,839130
2512,2512,839143
2513,2513,839156
2514,2514,839169
2515,2515,839195
2516,2516,839208
2517,2517,839221
2518,2518,839234
2519,2519,839247
2520,2520,839260
2521,2521,839273
2522,2522,839286
2523,2523,839299
2524,2524,839325
2525,2525,839338
2526,2526,839351
2527,2527,839364
2528,2528,839377
2529,2529,839390
2530,2530,839403
2531,2531,839416
2532,2532,839429
2533,2533,839455
2534,2534,839468
2535,2535,839481
2536,2536,839494
2537,2537,839507
2538,2538,839520
2539,2539,839533
2540,2540,839546
2541,2541,839559
2542,2542,839585
2543,2543,839624
2544,2544,839650
2545,2545,839689
2546,2546,839715
2547,2547,839728
2548,2548,839754
2549,2549,839767
2550,2550,839780
2551,2551,839819
2552,2552,839858
2553,2553,839871
2554,2554,839884
2555,2555,839897
2556,2556,839910
2557,2557,839923
2558,2558,839988
2559,2559,840001
2560,2560,840014
2561,2561,840027
2562,2562,840040
2563,2563,840053
2564,2564,840079
2565,2565,840105
2566,2566,840118
2567,2567,840131
2568,2568,840144
2569,2569,840157
2570,2570,840170
2571,2571,840209
2572,2572,840235
2573,2573,840248
2574,2574,840274
2575,2575,840287
2576,2576,840300
2577,2577,840313
2578,2578,840326
2579,2579,840339
2580,2580,840365
2581,2581,840378
2582,2582,840404
2583,2583,840417
2584,2584,840430
2585,2585,840443
2586,2586,840456
2587,2587,840469
2588,2588,840495
2589,2589,840508
2590,2590,840521
2591,2591,840534
2592,2592,840573
2593,2593,840586
2594,2594,840599
2595,2595,840638
2596,2596,840651
2597,2597,840664
2598,2598,840677
2599,2599,840703
2600,2600,840716
2601,2601,840729
2602,2602,840768
2603,2603,840794
2604,2604,840807
2605,2605,840950
2606,2606,841015
2607,2607,841028
2608,2608,841041
2609,2609,841054
2610,2610,841067
2611,2611,841080
2612,2612,841093
2613,2613,841145
2614,2614,841158
2615,2615,841171
2616,2616,841184
2617,2617,841197
2618,2618,841223
2619,2619,841288
2620,2620,841301
2621,2621,841314
2622,2622,841327
2623,2623,841340
2624,2624,841353
2625,2625,841379
2626,2626,841405
2627,2627,841418
2628,2628,841431
2629,2629,841444
2630,2630,841457
2631,2631,841496
2632,2632,841535
2633,2633,841548
2634,2634,841561
2635,2635,841574
2636,2636,841587
2637,2637,841600
2638,2638,841639
2639,2639,841704
2640,2640,841756
2641,2641,841769
2642,2642,841782
2643,2643,841795
2644,2644,841808
2645,2645,841821
2646,2646,841834
2647,2647,841847
2648,2648,841860
2649,2649,841873
2650,2650,841886
2651,2651,841899
2652,2652,841925
2653,2653,841938
2654,2654,841951
2655,2655,841964
2656,2656,841977
2657,2657,841990
2658,2658,842016
2659,2659,842029
2660,2660,842068
2661,2661,842094
2662,2662,842107
2663,2663,842328
2664,2664,842354
2665,2665,842367
2666,2666,842380
2667,2667,842393
2668,2668,842458
2669,2669,842471
2670,2670,842484
2671,2671,842497
2672,2672,842601
2673,2673,842614
2674,2674,842627
2675,2675,842679
2676,2676,842718
2677,2677,842744
2678,2678,842757
2679,2679,842770
2680,2680,842861
2681,2681,842874
2682,2682,842887
2683,2683,842900
2684,2684,842913
2685,2685,842939
2686,2686,842965
2687,2687,842978
2688,2688,843004
2689,2689,843017
2690,2690,843043
2691,2691,843069
2692,2692,843095
2693,2693,843108
2694,2694,843121
2695,2695,843134
2696,2696,843147
2697,2697,843160
2698,2698,843173
2699,2699,843186
2700,2700,843199
2701,2701,843212
2702,2702,843238
2703,2703,843251
2704,2704,843264
2705,2705,843277
2706,2706,843290
2707,2707,843303
2708,2708,843316
2709,2709,843329
2710,2710,843355
2711,2711,843368
2712,2712,843381
2713,2713,843394
2714,2714,843407
2715,2715,843485
2716,2716,843524
2717,2717,843563
2718,2718,843589
2719,2719,843615
2720,2720,843628
2721,2721,843641
2722,2722,843654
2723,2723,843667
2724,2724,843680
2725,2725,843719
2726,2726,843745
2727,2727,843758
2728,2728,843771
2729,2729,843784
2730,2730,843797
2731,2731,843901
2732,2732,843914
2733,2733,843927
2734,2734,843940
2735,2735,843979
2736,2736,844005
2737,2737,844018
2738,2738,844031
2739,2739,844044
2740,2740,844057
2741,2741,844070
2742,2742,844096
2743,2743,844109
2744,2744,844148
2745,2745,844174
2746,2746,844187
2747,2747,844304
2748,2748,844408
2749,2749,844473
2750,2750,844577
2751,2751,844707
2752,2752,844772
2753,2753,844928
2754,2754,844954
2755,2755,845058
2756,2756,845201
2757,2757,845318
2758,2758,845344
2759,2759,845357
2760,2760,845448
2761,2761,845487
2762,2762,845500
2763,2763,845513
2764,2764,845565
2765,2765,845578
2766,2766,845591
2767,2767,845604
2768,2768,845643
2769,2769,845695
2770,2770,845708
2771,2771,845721
2772,2772,845734
2773,2773,845747
2774,2774,845760
2775,2775,845851
2776,2776,845864
2777,2777,845877
2778,2778,845890
2779,2779,845929
2780,2780,845955
2781,2781,845968
2782,2782,845994
2783,2783,846163
2784,2784,846215
2785,2785,846228
2786,2786,846241
2787,2787,846254
2788,2788,846267
2789,2789,846345
2790,2790,846358
2791,2791,846371
2792,2792,846384
2793,2793,846397
2794,2794,846501
2795,2795,846514
2796,2796,846527
2797,2797,846540
2798,2798,846579
2799,2799,846605
2800,2800,846618
2801,2801,846631
2802,2802,846644
2803,2803,846657
2804,2804,846670
2805,2805,846735
2806,2806,846748
2807,2807,846774
2808,2808,846787
2809,2809,846800
2810,2810,846813
2811,2811,846826
2812,2812,846839
2813,2813,846865
2814,2814,846878
2815,2815,846891
2816,2816,846904
2817,2817,846917
2818,2818,846930
2819,2819,846943
2820,2820,846956
2821,2821,846969
2822,2822,846995
2823,2823,847008
2824,2824,847021
2825,2825,847034
2826,2826,847047
2827,2827,847138
2828,2828,847164
2829,2829,847177
2830,2830,847190
2831,2831,847229
2832,2832,847268
2833,2833,847281
2834,2834,847294
2835,2835,847307
2836,2836,847424
2837,2837,847450
2838,2838,847515
2839,2839,847528
2840,2840,847541
2841,2841,847554
2842,2842,847567
2843,2843,847580
2844,2844,847593
2845,2845,847606
2846,2846,847619
2847,2847,847645
2848,2848,847658
2849,2849,847671
2850,2850,847684
2851,2851,847697
2852,2852,847788
2853,2853,847801
2854,2854,847814
2855,2855,847827
2856,2856,847840
2857,2857,847853
2858,2858,847866
2859,2859,847879
2860,2860,847905
2861,2861,847918
2862,2862,847931
2863,2863,847944
2864,2864,847957
2865,2865,847970
2866,2866,848009
2867,2867,848048
2868,2868,848061
2869,2869,848074
2870,2870,848087
2871,2871,848100
2872,2872,848113
2873,2873,848139
2874,2874,848178
2875,2875,848191
2876,2876,848204
2877,2877,848217
2878,2878,848243
2879,2879,848256
2880,2880,848269
2881,2881,848308
2882,2882,848321
2883,2883,848334
2884,2884,848347
2885,2885,848373
2886,2886,848386
2887,2887,848425
2888,2888,848438
2889,2889,848451
2890,2890,848464
2891,2891,848477
2892,2892,848490
2893,2893,848529
2894,2894,848581
2895,2895,848594
2896,2896,848607
2897,2897,848815
2898,2898,848841
2899,2899,848854
2900,2900,848867
2901,2901,848958
2902,2902,848971
2903,2903,848984
2904,2904,849049
2905,2905,849088
2906,2906,849101
2907,2907,849114
2908,2908,849127
2909,2909,849218
2910,2910,849231
2911,2911,849244
2912,2912,849257
2913,2913,849270
2914,2914,849361
2915,2915,849374
2916,2916,849387
2917,2917,849400
2918,2918,849413
2919,2919,849439
2920,2920,849478
2921,2921,849504
2922,2922,849517
2923,2923,849530
2924,2924,849543
2925,2925,849569
2926,2926,849595
2927,2927,849608
2928,2928,849621
2929,2929,849634
2930,2930,849647
2931,2931,849686
2932,2932,849699
2933,2933,849725
2934,2934,849738
2935,2935,849764
2936,2936,849777
2937,2937,849829
2938,2938,849868
2939,2939,849894
2940,2940,849907
2941,2941,849959
2942,2942,850024
2943,2943,850115
2944,2944,850128
2945,2945,850154
2946,2946,850167
2947,2947,850180
2948,2948,850193
2949,2949,850219
2950,2950,850258
2951,2951,850271
2952,2952,850284
2953,2953,850297
2954,2954,850323
2955,2955,850388
2956,2956,850401
2957,2957,850414
2958,2958,850427
2959,2959,850440
2960,2960,850453
2961,2961,850466
2962,2962,850479
2963,2963,850505
2964,2964,850518
2965,2965,850531
2966,2966,850544
2967,2967,850557
2968,2968,850570
2969,2969,850609
2970,2970,850635
2971,2971,850648
2972,2972,850661
2973,2973,850674
2974,2974,850687
2975,2975,850700
2976,2976,850713
2977,2977,850739
2978,2978,850778
2979,2979,850804
2980,2980,850817
2981,2981,850856
2982,2982,850895
2983,2983,850908
2984,2984,850921
2985,2985,850934
2986,2986,850947
2987,2987,850960
2988,2988,850986
2989,2989,851038
2990,2990,851051
2991,2991,851064
2992,2992,851077
2993,2993,851103
2994,2994,851129
2995,2995,851168
2996,2996,851181
2997,2997,851194
2998,2998,851207
2999,2999,851324
3000,3000,851337
3001,3001,851350
3002,3002,851415
3003,3003,851428
3004,3004,851454
3005,3005,851467
3006,3006,851480
3007,3007,851519
3008,3008,851558
3009,3009,851571
3010,3010,851584
3011,3011,851597
3012,3012,851610
3013,3013,851688
3014,3014,851701
3015,3015,851714
3016,3016,851727
3017,3017,851740
3018,3018,851766
3019,3019,851779
3020,3020,851805
3021,3021,851818
3022,3022,851831
3023,3023,851844
3024,3024,851857
3025,3025,851870
3026,3026,851883
3027,3027,851896
3028,3028,851909
3029,3029,851935
3030,3030,851948
3031,3031,851961
3032,3032,851974
3033,3033,851987
3034,3034,865013
3035,3035,865039
3036,3036,865065
3037,3037,865078
3038,3038,865091
3039,3039,865104
3040,3040,865117
3041,3041,865143
3042,3042,865208
3043,3043,865234
3044,3044,865260
3045,3045,865364
3046,3046,865429
3047,3047,865650
3048,3048,865715
3049,3049,865728
3050,3050,865754
3051,3051,865780
3052,3052,865858
3053,3053,865884
3054,3054,865897
3055,3055,866001
3056,3056,866040
3057,3057,866053
3058,3058,866118
3059,3059,866144
3060,3060,866157
3061,3061,866170
3062,3062,866274
3063,3063,866287
3064,3064,866300
3065,3065,866404
3066,3066,866443
3067,3067,866508
3068,3068,866521
3069,3069,866534
3070,3070,866586
3071,3071,866599
3072,3072,866664
3073,3073,866729
3074,3074,866768
3075,3075,866794
3076,3076,866963
3077,3077,867015
3078,3078,867054
3079,3079,867106
3080,3080,867158
3081,3081,867171
3082,3082,867184
3083,3083,867197
3084,3084,867301
3085,3085,867314
3086,3086,867327
3087,3087,867340
3088,3088,867379
3089,3089,867418
3090,3090,867444
3091,3091,867457
3092,3092,867548
3093,3093,867574
3094,3094,867587
3095,3095,867704
3096,3096,867834
3097,3097,867886
3098,3098,867964
3099,3099,868315
3100,3100,868354
3101,3101,868367
3102,3102,868458
3103,3103,868484
3104,3104,868601
3105,3105,868718
3106,3106,868731
3107,3107,868744
3108,3108,868757
3109,3109,868848
3110,3110,868874
3111,3111,868887
3112,3112,868900
3113,3113,868939
3114,3114,868965
3115,3115,869134
3116,3116,869147
3117,3117,869329
3118,3118,869368
3119,3119,869381
3120,3120,869394
3121,3121,869407
3122,3122,869654
3123,3123,869745
3124,3124,869758
3125,3125,869784
3126,3126,869797
3127,3127,869888
3128,3128,869901
3129,3129,869914
3130,3130,870044
3131,3131,870057
3132,3132,870174
3133,3133,870187
3134,3134,871344
3135,3135,871487
3136,3136,871500
3137,3137,871591
3138,3138,872215
3139,3139,872358
3140,3140,872371
3141,3141,872501
3142,3142,872540
3143,3143,872644
3144,3144,872657
3145,3145,872774
3146,3146,872787
3147,3147,900013
3148,3148,900026
3149,3149,900039
3150,3150,900052
3151,3151,900065
3152,3152,900078
3153,3153,900091
3154,3154,900104
3155,3155,900117
3156,3156,900130
3157,3157,900143
3158,3158,900156
3159,3159,900169
3160,3160,900182
3161,3161,900195
3162,3162,900208
3163,3163,900221
3164,3164,900234
3165,3165,900247
3166,3166,900260
3167,3167,900273
3168,3168,900286
3169,3169,900299
3170,3170,900312
3171,3171,900325
3172,3172,900338
3173,3173,900351
3174,3174,900377
3175,3175,900390
3176,3176,900403
3177,3177,900416
3178,3178,900429
3179,3179,900442
3180,3180,900455
3181,3181,900468
3182,3182,900481
3183,3183,900494
3184,3184,900507
3185,3185,900520
3186,3186,900533
3187,3187,900546
3188,3188,900559
3189,3189,900572
3190,3190,900585
3191,3191,900598
3192,3192,900611
3193,3193,900624
3194,3194,900637
3195,3195,900650
3196,3196,900663
3197,3197,900676
3198,3198,900689
3199,3199,900702
3200,3200,900715
3201,3201,900728
3202,3202,900741
3203,3203,900754
3204,3204,900767
3205,3205,900793
3206,3206,900806
3207,3207,900819
3208,3208,900832
3209,3209,900845
3210,3210,900858
3211,3211,900871
3212,3212,900884
3213,3213,900897
3214,3214,900910
3215,3215,900923
3216,3216,900936
3217,3217,900949
3218,3218,900962
3219,3219,900975
3220,3220,900988
3221,3221,901001
3222,3222,901014
3223,3223,901027
3224,3224,901040
3225,3225,901053
3226,3226,901066
3227,3227,901079
3228,3228,901092
3229,3229,901105
3230,3230,901118
3231,3231,901131
3232,3232,901144
3233,3233,901157
3234,3234,901183
3235,3235,901196
3236,3236,901209
3237,3237,901222
3238,3238,901235
3239,3239,901248
3240,3240,901261
3241,3241,901274
3242,3242,901287
3243,3243,901300
3244,3244,901313
3245,3245,901326
3246,3246,901339
3247,3247,901365
3248,3248,901378
3249,3249,901391
3250,3250,901404
3251,3251,901417
3252,3252,901430
3253,3253,901443
3254,3254,901456
3255,3255,901469
3256,3256,901482
3257,3257,901495
3258,3258,901508
3259,3259,901521
3260,3260,901534
3261,3261,901547
3262,3262,901560
3263,3263,901573
3264,3264,901586
3265,3265,901599
3266,3266,901612
3267,3267,901625
3268,3268,901638
3269,3269,901651
3270,3270,901664
3271,3271,901677
3272,3272,901690
3273,3273,901703
3274,3274,901716
3275,3275,901729
3276,3276,901742
3277,3277,901755
3278,3278,901768
3279,3279,901781
3280,3280,901794
3281,3281,901807
3282,3282,901820
3283,3283,901833
3284,3284,901846
3285,3285,901859
3286,3286,901872
3287,3287,901885
3288,3288,901898
3289,3289,901911
3290,3290,901924
3291,3291,901937
3292,3292,901950
3293,3293,901963
3294,3294,901976
3295,3295,901989
3296,3296,902002
3297,3297,902015
3298,3298,902041
3299,3299,902054
3300,3300,902067
3301,3301,902080
3302,3302,902093
3303,3303,902106
3304,3304,902119
3305,3305,902132
3306,3306,902145
3307,3307,902158
3308,3308,902171
3309,3309,902184
3310,3310,902197
3311,3311,902210
3312,3312,902223
3313,3313,902236
3314,3314,902249
3315,3315,902262
3316,3316,902275
3317,3317,902288
3318,3318,902301
3319,3319,902314
3320,3320,902327
3321,3321,902340
3322,3322,902353
3323,3323,902366
3324,3324,902379
3325,3325,902392
3326,3326,902405
3327,3327,902431
3328,3328,902444
3329,3329,902457
3330,3330,902470
3331,3331,902483
3332,3332,902496
3333,3333,902509
3334,3334,902522
3335,3335,902535
3336,3336,902548
3337,3337,902561
3338,3338,902574
3339,3339,902587
3340,3340,902600
3341,3341,902613
3342,3342,902626
3343,3343,902639
3344,3344,902652
3345,3345,902665
3346,3346,902678
3347,3347,902691
3348,3348,902704
3349,3349,902717
3350,3350,902730
3351,3351,902743
3352,3352,902756
3353,3353,902769
3354,3354,902782
3355,3355,902795
3356,3356,902821
3357,3357,902834
3358,3358,902847
3359,3359,902860
3360,3360,902873
3361,3361,902886
3362,3362,902899
3363,3363,902912
3364,3364,902925
3365,3365,902938
3366,3366,902951
3367,3367,902964
3368,3368,902977
3369,3369,902990
3370,3370,903003
3371,3371,903016
3372,3372,903029
3373,3373,903042
3374,3374,903055
3375,3375,903068
3376,3376,903081
3377,3377,903094
3378,3378,903107
3379,3379,903120
3380,3380,903133
3381,3381,903146
3382,3382,903159
3383,3383,903172
3384,3384,903185
3385,3385,903198
3386,3386,903211
3387,3387,903224
3388,3388,903237
3389,3389,903250
3390,3390,903263
3391,3391,903276
3392,3392,903289
3393,3393,903302
3394,3394,903315
3395,3395,903328
3396,3396,903341
3397,3397,903354
3398,3398,903367
3399,3399,903380
3400,3400,903393
3401,3401,903406
3402,3402,903419
3403,3403,903432
3404,3404,903445
3405,3405,903458
3406,3406,903471
3407,3407,903484
3408,3408,903497
3409,3409,903510
3410,3410,903523
3411,3411,903536
3412,3412,903549
3413,3413,903562
3414,3414,903575
3415,3415,903588
3416,3416,903601
3417,3417,903614
3418,3418,903627
3419,3419,903640
3420,3420,903653
3421,3421,903666
3422,3422,903679
3423,3423,903692
3424,3424,903705
3425,3425,903718
3426,3426,903731
3427,3427,903744
3428,3428,903757
3429,3429,903770
3430,3430,903783
3431,3431,903796
3432,3432,903809
3433,3433,903822
3434,3434,903835
3435,3435,903848
3436,3436,903861
3437,3437,903874
3438,3438,903887
3439,3439,903900
3440,3440,903913
3441,3441,903926
3442,3442,903939
3443,3443,903952
3444,3444,903965
3445,3445,903978
3446,3446,903991
3447,3447,904004
3448,3448,904017
3449,3449,904030
3450,3450,904043
3451,3451,904056
3452,3452,904069
3453,3453,904082
3454,3454,904095
3455,3455,904108
3456,3456,904121
3457,3457,904134
3458,3458,904147
3459,3459,904160
3460,3460,904173
3461,3461,904186
3462,3462,904199
3463,3463,904212
3464,3464,904225
3465,3465,904238
3466,3466,904251
3467,3467,904264
3468,3468,904277
3469,3469,904290
3470,3470,904303
3471,3471,904316
3472,3472,904329
3473,3473,904342
3474,3474,904355
3475,3475,904368
3476,3476,904381
3477,3477,904394
3478,3478,904407
3479,3479,904420
3480,3480,904433
3481,3481,904446
3482,3482,904459
3483,3483,904472
3484,3484,904485
3485,3485,904498
3486,3486,904511
3487,3487,904524
3488,3488,904537
3489,3489,904550
3490,3490,904563
3491,3491,904576
3492,3492,904589
3493,3493,904602
3494,3494,904615
3495,3495,904628
3496,3496,904641
3497,3497,904654
3498,3498,904667
3499,3499,904680
3500,3500,904719
3501,3501,904732
3502,3502,904745
3503,3503,904758
3504,3504,904771
3505,3505,904784
3506,3506,904797
3507,3507,904810
3508,3508,904823
3509,3509,904849
3510,3510,904862
3511,3511,904875
3512,3512,904888
3513,3513,904901
3514,3514,904914
3515,3515,904927
3516,3516,904940
3517,3517,904953
3518,3518,904966
3519,3519,904979
3520,3520,904992
3521,3521,905005
3522,3522,905018
3523,3523,905031
3524,3524,905044
3525,3525,905057
3526,3526,905070
3527,3527,905083
3528,3528,905096
3529,3529,905109
3530,3530,905122
3531,3531,905135
3532,3532,905148
3533,3533,905161
3534,3534,905174
3535,3535,905187
3536,3536,905200
3537,3537,905213
3538,3538,905226
3539,3539,905239
3540,3540,905252
3541,3541,905265
3542,3542,905278
3543,3543,905291
3544,3544,905304
3545,3545,905317
3546,3546,905330
3547,3547,905343
3548,3548,905356
3549,3549,905369
3550,3550,905382
3551,3551,905395
3552,3552,905408
3553,3553,905421
3554,3554,905434
3555,3555,905447
3556,3556,905460
3557,3557,905473
3558,3558,905486
3559,3559,905499
3560,3560,905512
3561,3561,905525
3562,3562,905538
3563,3563,905551
3564,3564,905564
3565,3565,905577
3566,3566,905590
3567,3567,905616
3568,3568,905629
3569,3569,905642
3570,3570,905655
3571,3571,905668
3572,3572,905681
3573,3573,905694
3574,3574,905707
3575,3575,905720
3576,3576,905733
3577,3577,905746
3578,3578,905759
3579,3579,905772
3580,3580,905785
3581,3581,905798
3582,3582,905811
3583,3583,905824
3584,3584,905837
3585,3585,905850
3586,3586,905863
3587,3587,905876
3588,3588,905889
3589,3589,905902
3590,3590,905915
3591,3591,905928
3592,3592,905941
3593,3593,905954
3594,3594,905967
3595,3595,905980
3596,3596,905993
3597,3597,906006
3598,3598,906019
3599,3599,906032
3600,3600,906045
3601,3601,906058
3602,3602,906071
3603,3603,906084
3604,3604,906097
3605,3605,906110
3606,3606,906123
3607,3607,906136
3608,3608,906149
3609,3609,906162
3610,3610,906175
3611,3611,906188
3612,3612,906201
3613,3613,906214
3614,3614,906227
3615,3615,906240
3616,3616,906253
3617,3617,906266
3618,3618,906279
3619,3619,906292
3620,3620,906305
3621,3621,906318
3622,3622,906331
3623,3623,906344
3624,3624,906357
3625,3625,906370
3626,3626,906383
3627,3627,906396
3628,3628,906409
3629,3629,906422
3630,3630,906435
3631,3631,906448
3632,3632,906461
3633,3633,906474
3634,3634,906487
3635,3635,906500
3636,3636,906513
3637,3637,906526
3638,3638,906539
3639,3639,906552
3640,3640,906565
3641,3641,906578
3642,3642,906591
3643,3643,906604
3644,3644,906617
3645,3645,906630
3646,3646,906643
3647,3647,906656
3648,3648,906669
3649,3649,906682
3650,3650,906695
3651,3651,906708
3652,3652,906721
3653,3653,906734
3654,3654,906747
3655,3655,906760
3656,3656,906773
3657,3657,906786
3658,3658,906799
3659,3659,906825
3660,3660,906838
3661,3661,906851
3662,3662,906864
3663,3663,906877
3664,3664,906890
3665,3665,906903
3666,3666,906916
3667,3667,906929
3668,3668,906942
3669,3669,906955
3670,3670,906968
3671,3671,906981
3672,3672,906994
3673,3673,907007
3674,3674,907020
3675,3675,907033
3676,3676,907046
3677,3677,907059
3678,3678,907085
3679,3679,907098
3680,3680,907111
3681,3681,907124
3682,3682,907137
3683,3683,907150
3684,3684,907163
3685,3685,907176
3686,3686,907189
3687,3687,907202
3688,3688,907215
3689,3689,907228
3690,3690,907241
3691,3691,907254
3692,3692,907267
3693,3693,907280
3694,3694,907293
3695,3695,907306
3696,3696,907319
3697,3697,907332
3698,3698,907345
3699,3699,907358
3700,3700,907371
3701,3701,907384
3702,3702,907397
3703,3703,907410
3704,3704,907423
3705,3705,907436
3706,3706,907449
3707,3707,907475
3708,3708,907488
3709,3709,907501
3710,3710,907514
3711,3711,907527
3712,3712,907540
3713,3713,907553
3714,3714,907566
3715,3715,907579
3716,3716,907592
3717,3717,907605
3718,3718,907618
3719,3719,907631
3720,3720,907644
3721,3721,907657
3722,3722,907670
3723,3723,907683
3724,3724,907696
3725,3725,907709
3726,3726,907722
3727,3727,907735
3728,3728,907748
3729,3729,907761
3730,3730,907774
3731,3731,907787
3732,3732,907800
3733,3733,907813
3734,3734,907826
3735,3735,907839
3736,3736,907852
3737,3737,907865
3738,3738,907878
3739,3739,907891
3740,3740,907904
3741,3741,907917
3742,3742,907930
3743,3743,907943
3744,3744,907956
3745,3745,907969
3746,3746,907982
3747,3747,907995
3748,3748,908008
3749,3749,908021
3750,3750,908034
3751,3751,908047
3752,3752,908060
3753,3753,908073
3754,3754,908086
3755,3755,908099
3756,3756,908112
3757,3757,908125
3758,3758,908138
3759,3759,908151
3760,3760,908164
3761,3761,908177
3762,3762,908190
3763,3763,908203
3764,3764,908216
3765,3765,908229
3766,3766,908242
3767,3767,908255
3768,3768,908268
3769,3769,908281
3770,3770,908294
3771,3771,908307
3772,3772,908320
3773,3773,908333
3774,3774,908346
3775,3775,908359
3776,3776,908372
3777,3777,908385
3778,3778,908411
3779,3779,908424
3780,3780,908437
3781,3781,908450
3782,3782,908463
3783,3783,908476
3784,3784,908489
3785,3785,908502
3786,3786,908515
3787,3787,908528
3788,3788,908541
3789,3789,908554
3790,3790,908567
3791,3791,908580
3792,3792,908593
3793,3793,908606
3794,3794,908619
3795,3795,908632
3796,3796,908645
3797,3797,908658
3798,3798,908671
3799,3799,908684
3800,3800,908697
3801,3801,908710
3802,3802,908723
3803,3803,908736
3804,3804,908749
3805,3805,908762
3806,3806,908775
3807,3807,908788
3808,3808,908801
3809,3809,908814
3810,3810,908827
3811,3811,908840
3812,3812,908853
3813,3813,908866
3814,3814,908879
3815,3815,908892
3816,3816,908905
3817,3817,908918
3818,3818,908931
3819,3819,908944
3820,3820,908957
3821,3821,908970
3822,3822,908983
3823,3823,908996
3824,3824,909009
3825,3825,909022
3826,3826,909035
3827,3827,909048
3828,3828,909061
3829,3829,909074
3830,3830,909087
3831,3831,909100
3832,3832,909113
3833,3833,909126
3834,3834,909139
3835,3835,909165
3836,3836,909178
3837,3837,909191
3838,3838,909204
3839,3839,909217
3840,3840,909230
3841,3841,909243
3842,3842,909256
3843,3843,909269
3844,3844,909295
3845,3845,909308
3846,3846,909321
3847,3847,909334
3848,3848,909347
3849,3849,909360
3850,3850,909373
3851,3851,909386
3852,3852,909399
3853,3853,909412
3854,3854,909425
3855,3855,909438
3856,3856,909451
3857,3857,909477
3858,3858,909490
3859,3859,909503
3860,3860,909516
3861,3861,909529
3862,3862,909555
3863,3863,909568
3864,3864,909581
3865,3865,909594
3866,3866,909607
3867,3867,909620
3868,3868,909633
3869,3869,909646
3870,3870,909659
3871,3871,909685
3872,3872,909698
3873,3873,909711
3874,3874,909724
3875,3875,909737
3876,3876,909750
3877,3877,909763
3878,3878,909776
3879,3879,909789
3880,3880,909815
3881,3881,909828
3882,3882,909841
3883,3883,909854
3884,3884,909867
3885,3885,909880
3886,3886,909893
3887,3887,909906
3888,3888,909919
3889,3889,909945
3890,3890,909958
3891,3891,909971
3892,3892,909984
3893,3893,909997
3894,3894,910010
3895,3895,910023
3896,3896,910036
3897,3897,910049
3898,3898,910062
3899,3899,910075
3900,3900,910088
3901,3901,910101
3902,3902,910114
3903,3903,910127
3904,3904,910140
3905,3905,910153
3906,3906,910166
3907,3907,910179
3908,3908,910205
3909,3909,910218
3910,3910,910231
3911,3911,910244
3912,3912,910257
3913,3913,910270
3914,3914,910283
3915,3915,910296
3916,3916,910309
3917,3917,910335
3918,3918,910348
3919,3919,910361
3920,3920,910374
3921,3921,910387
3922,3922,910400
3923,3923,910413
3924,3924,910426
3925,3925,910439
3926,3926,910465
3927,3927,910478
3928,3928,910491
3929,3929,910504
3930,3930,910517
3931,3931,910530
3932,3932,910543
3933,3933,910556
3934,3934,910569
3935,3935,910582
3936,3936,910595
3937,3937,910608
3938,3938,910621
3939,3939,910634
3940,3940,910647
3941,3941,910660
3942,3942,910673
3943,3943,910686
3944,3944,910699
3945,3945,910712
3946,3946,910725
3947,3947,910738
3948,3948,910751
3949,3949,910764
3950,3950,910777
3951,3951,910790
3952,3952,910803
3953,3953,910816
3954,3954,910829
3955,3955,910842
3956,3956,910855
3957,3957,910868
3958,3958,910881
3959,3959,910894
3960,3960,910907
3961,3961,910920
3962,3962,910933
3963,3963,910946
3964,3964,910959
3965,3965,910972
3966,3966,910985
3967,3967,910998
3968,3968,911011
3969,3969,911024
3970,3970,911037
3971,3971,911050
3972,3972,911063
3973,3973,911076
3974,3974,911089
3975,3975,911102
3976,3976,911115
3977,3977,911128
3978,3978,911141
3979,3979,911154
3980,3980,911167
3981,3981,911180
3982,3982,911193
3983,3983,911206
3984,3984,911219
3985,3985,911232
3986,3986,911245
3987,3987,911258
3988,3988,911271
3989,3989,911284
3990,3990,911297
3991,3991,911310
3992,3992,911323
3993,3993,911336
3994,3994,911349
3995,3995,911375
3996,3996,911388
3997,3997,911401
3998,3998,911414
3999,3999,911427
4000,4000,911440
4001,4001,911453
4002,4002,911466
4003,4003,911479
4004,4004,911492
4005,4005,911505
4006,4006,911518
4007,4007,911531
4008,4008,911544
4009,4009,911557
4010,4010,911570
4011,4011,911583
4012,4012,911596
4013,4013,911609
4014,4014,911622
4015,4015,911635
4016,4016,911648
4017,4017,911661
4018,4018,911674
4019,4019,911687
4020,4020,911700
4021,4021,911713
4022,4022,911726
4023,4023,911739
4024,4024,911765
4025,4025,911778
4026,4026,911791
4027,4027,911804
4028,4028,911817
4029,4029,911830
4030,4030,911843
4031,4031,911856
4032,4032,911869
4033,4033,911895
4034,4034,911908
4035,4035,911921
4036,4036,911934
4037,4037,911947
4038,4038,911960
4039,4039,911973
4040,4040,911986
4041,4041,911999
4042,4042,912025
4043,4043,912038
4044,4044,912051
4045,4045,912064
4046,4046,912077
4047,4047,912090
4048,4048,912103
4049,4049,912116
4050,4050,912129
4051,4051,912155
4052,4052,912168
4053,4053,912181
4054,4054,912194
4055,4055,912207
4056,4056,912220
4057,4057,912233
4058,4058,912246
4059,4059,912259
4060,4060,912285
4061,4061,912298
4062,4062,912311
4063,4063,912324
4064,4064,912337
4065,4065,912350
4066,4066,912363
4067,4067,912376
4068,4068,912389
4069,4069,912415
4070,4070,912428
4071,4071,912441
4072,4072,912454
4073,4073,912467
4074,4074,912480
4075,4075,912493
4076,4076,912506
4077,4077,912519
4078,4078,912532
4079,4079,912545
4080,4080,912558
4081,4081,912571
4082,4082,912584
4083,4083,912597
4084,4084,912610
4085,4085,912623
4086,4086,912636
4087,4087,912649
4088,4088,912675
4089,4089,912688
4090,4090,912701
4091,4091,912714
4092,4092,912727
4093,4093,912740
4094,4094,912753
4095,4095,912766
4096,4096,912779
4097,4097,912792
4098,4098,912805
4099,4099,912818
4100,4100,912831
4101,4101,912844
4102,4102,912857
4103,4103,912870
4104,4104,912883
4105,4105,912896
4106,4106,912909
4107,4107,912922
4108,4108,912935
4109,4109,912948
4110,4110,912961
4111,4111,912974
4112,4112,912987
4113,4113,913000
4114,4114,913013
4115,4115,913026
4116,4116,913039
4117,4117,913052
4118,4118,913065
4119,4119,913078
4120,4120,913091
4121,4121,913104
4122,4122,913117
4123,4123,913130
4124,4124,913143
4125,4125,913156
4126,4126,913169
4127,4127,913195
4128,4128,913208
4129,4129,913221
4130,4130,913234
4131,4131,913247
4132,4132,913260
4133,4133,913273
4134,4134,913286
4135,4135,913299
4136,4136,913312
4137,4137,913325
4138,4138,913338
4139,4139,913351
4140,4140,913364
4141,4141,913377
4142,4142,913390
4143,4143,913403
4144,4144,913416
4145,4145,913429
4146,4146,913455
4147,4147,913468
4148,4148,913481
4149,4149,913494
4150,4150,913507
4151,4151,913520
4152,4152,913533
4153,4153,913546
4154,4154,913559
4155,4155,913585
4156,4156,913598
4157,4157,913611
4158,4158,913624
4159,4159,913637
4160,4160,913650
4161,4161,913663
4162,4162,913676
4163,4163,913689
4164,4164,913715
4165,4165,913728
4166,4166,913741
4167,4167,913754
4168,4168,913767
4169,4169,913780
4170,4170,913793
4171,4171,913806
4172,4172,913819
4173,4173,913845
4174,4174,913858
4175,4175,913871
4176,4176,913884
4177,4177,913897
4178,4178,913910
4179,4179,913923
4180,4180,913936
4181,4181,913949
4182,4182,913975
4183,4183,913988
4184,4184,914001
4185,4185,914014
4186,4186,914027
4187,4187,914040
4188,4188,914053
4189,4189,914066
4190,4190,914079
4191,4191,914105
4192,4192,914118
4193,4193,914131
4194,4194,914144
4195,4195,914157
4196,4196,914170
4197,4197,914183
4198,4198,914196
4199,4199,914209
4200,4200,914248
4201,4201,914274
4202,4202,914287
4203,4203,914300
4204,4204,914313
4205,4205,914339
4206,4206,914378
4207,4207,914404
4208,4208,914430
4209,4209,914443
4210,4210,914469
4211,4211,914508
4212,4212,914521
4213,4213,914534
4214,4214,914547
4215,4215,914586
4216,4216,914599
4217,4217,914638
4218,4218,914651
4219,4219,914664
4220,4220,914677
4221,4221,914690
4222,4222,914703
4223,4223,914729
4224,4224,914768
4225,4225,914781
4226,4226,914794
4227,4227,914937
4228,4228,915015
4229,4229,915054
4230,4230,915067
4231,4231,915158
4232,4232,915171
4233,4233,915184
4234,4234,915197
4235,4235,915301
4236,4236,915314
4237,4237,915327
4238,4238,915340
4239,4239,915353
4240,4240,915366
4241,4241,915405
4242,4242,915418
4243,4243,915444
4244,4244,915457
4245,4245,915470
4246,4246,915509
4247,4247,915548
4248,4248,915574
4249,4249,915587
4250,4250,915600
4251,4251,915613
4252,4252,915678
4253,4253,915691
4254,4254,915743
4255,4255,915769
4256,4256,915795
4257,4257,915821
4258,4258,915834
4259,4259,915847
4260,4260,915873
4261,4261,915886
4262,4262,915964
4263,4263,915977
4264,4264,916055
4265,4265,916068
4266,4266,916081
4267,4267,916328
4268,4268,944013
4269,4269,944026
4270,4270,944039
4271,4271,944052
4272,4272,944065
4273,4273,944078
4274,4274,944091
4275,4275,944104
4276,4276,944117
4277,4277,944130
4278,4278,944143
4279,4279,944156
4280,4280,944169
4281,4281,944195
4282,4282,944208
4283,4283,944221
4284,4284,944234
4285,4285,944247
4286,4286,944260
4287,4287,944273
4288,4288,944286
4289,4289,944299
4290,4290,944325
4291,4291,944338
4292,4292,944351
4293,4293,944364
4294,4294,944377
4295,4295,944390
4296,4296,944416
4297,4297,944429
4298,4298,944468
4299,4299,944481
4300,4300,944494
4301,4301,944507
4302,4302,944637
4303,4303,944650
4304,4304,944663
4305,4305,944715
4306,4306,944728
4307,4307,944741
4308,4308,944754
4309,4309,944767
4310,4310,944780
4311,4311,944806
4312,4312,944819
4313,4313,944845
4314,4314,944858
4315,4315,944871
4316,4316,944884
4317,4317,944897
4318,4318,944910
4319,4319,944923
4320,4320,944975
4321,4321,944988
4322,4322,945001
4323,4323,945014
4324,4324,945027
4325,4325,945040
4326,4326,945053
4327,4327,945066
4328,4328,945079
4329,4329,945105
4330,4330,945118
4331,4331,945131
4332,4332,945144
4333,4333,945157
4334,4334,945170
4335,4335,945183
4336,4336,945196
4337,4337,945209
4338,4338,945235
4339,4339,945248
4340,4340,945261
4341,4341,945274
4342,4342,945287
4343,4343,945300
4344,4344,945313
4345,4345,945326
4346,4346,945339
4347,4347,945365
4348,4348,945378
4349,4349,945391
4350,4350,945404
4351,4351,945417
4352,4352,945430
4353,4353,945443
4354,4354,945456
4355,4355,945469
4356,4356,945495
4357,4357,945508
4358,4358,945521
4359,4359,945534
4360,4360,945573
4361,4361,945586
4362,4362,945599
4363,4363,945638
4364,4364,945651
4365,4365,945664
4366,4366,945677
4367,4367,945703
4368,4368,945729
4369,4369,945755
4370,4370,945768
4371,4371,945794
4372,4372,945807
4373,4373,945924
4374,4374,945950
4375,4375,945963
4376,4376,946015
4377,4377,946028
4378,4378,946041
4379,4379,946054
4380,4380,946067
4381,4381,946080
4382,4382,946093
4383,4383,946106
4384,4384,946119
4385,4385,946145
4386,4386,946158
4387,4387,946171
4388,4388,946184
4389,4389,946197
4390,4390,946223
4391,4391,946249
4392,4392,946275
4393,4393,946288
4394,4394,946301
4395,4395,946314
4396,4396,946327
4397,4397,946340
4398,4398,946353
4399,4399,946366
4400,4400,946379
4401,4401,946405
4402,4402,946418
4403,4403,946431
4404,4404,946444
4405,4405,946457
4406,4406,946470
4407,4407,946483
4408,4408,946496
4409,4409,946535
4410,4410,946548
4411,4411,946561
4412,4412,946574
4413,4413,946587
4414,4414,946600
4415,4415,946613
4416,4416,946626
4417,4417,946678
4418,4418,946691
4419,4419,946704
4420,4420,946730
4421,4421,946743
4422,4422,946756
4423,4423,946795
4424,4424,946808
4425,4425,946821
4426,4426,946834
4427,4427,946847
4428,4428,946860
4429,4429,946873
4430,4430,946886
4431,4431,946899
4432,4432,946925
4433,4433,946938
4434,4434,946951
4435,4435,946964
4436,4436,946977
4437,4437,946990
4438,4438,947016
4439,4439,947029
4440,4440,947042
4441,4441,947055
4442,4442,947068
4443,4443,947094
4444,4444,947107
4445,4445,947198
4446,4446,947224
4447,4447,947315
4448,4448,947328
4449,4449,947341
4450,4450,947354
4451,4451,947367
4452,4452,947380
4453,4453,947393
4454,4454,947406
4455,4455,947445
4456,4456,947458
4457,4457,947471
4458,4458,947484
4459,4459,947497
4460,4460,947510
4461,4461,947536
4462,4462,947588
4463,4463,947601
4464,4464,947614
4465,4465,947640
4466,4466,947653
4467,4467,947666
4468,4468,947679
4469,4469,947705
4470,4470,947718
4471,4471,947744
4472,4472,947757
4473,4473,947848
4474,4474,947874
4475,4475,947887
4476,4476,947900
4477,4477,947913
4478,4478,947939
4479,4479,947965
4480,4480,947978
4481,4481,948004
4482,4482,948017
4483,4483,948030
4484,4484,948043
4485,4485,948056
4486,4486,948069
4487,4487,948082
4488,4488,948095
4489,4489,948108
4490,4490,948121
4491,4491,948134
4492,4492,948147
4493,4493,948173
4494,4494,948199
4495,4495,948264
4496,4496,948277
4497,4497,948290
4498,4498,948329
4499,4499,948355
4500,4500,948368
4501,4501,948394
4502,4502,948407
4503,4503,948485
4504,4504,948550
4505,4505,948615
4506,4506,948628
4507,4507,948641
4508,4508,948654
4509,4509,948667
4510,4510,948680
4511,4511,948719
4512,4512,948745
4513,4513,948758
4514,4514,948771
4515,4515,948784
4516,4516,948797
4517,4517,948901
4518,4518,948914
4519,4519,948927
4520,4520,948979
4521,4521,949005
4522,4522,949018
4523,4523,949044
4524,4524,949057
4525,4525,949070
4526,4526,949109
4527,4527,949135
4528,4528,949148
4529,4529,949174
4530,4530,949187
4531,4531,949304
4532,4532,949434
4533,4533,949525
4534,4534,949928
4535,4535,950058
4536,4536,950084
4537,4537,950344
4538,4538,950487
4539,4539,950500
4540,4540,950513
4541,4541,950565
4542,4542,950604
4543,4543,950617
4544,4544,950630
4545,4545,950643
4546,4546,950669
4547,4547,950708
4548,4548,950721
4549,4549,950734
4550,4550,950747
4551,4551,950760
4552,4552,950773
4553,4553,950838
4554,4554,950864
4555,4555,950877
4556,4556,950929
4557,4557,950968
4558,4558,950994
4559,4559,951150
4560,4560,951163
4561,4561,951189
4562,4562,951215
4563,4563,951228
4564,4564,951241
4565,4565,951254
4566,4566,951267
4567,4567,951280
4568,4568,951293
4569,4569,951345
4570,4570,951358
4571,4571,951371
4572,4572,951384
4573,4573,951397
4574,4574,951423
4575,4575,951475
4576,4576,951501
4577,4577,951514
4578,4578,951527
4579,4579,951540
4580,4580,951605
4581,4581,951618
4582,4582,951644
4583,4583,951657
4584,4584,951670
4585,4585,951735
4586,4586,951748
4587,4587,951761
4588,4588,951774
4589,4589,951787
4590,4590,951800
4591,4591,951813
4592,4592,951878
4593,4593,951891
4594,4594,951904
4595,4595,951917
4596,4596,951943
4597,4597,951969
4598,4598,952008
4599,4599,952021
4600,4600,952034
4601,4601,952047
4602,4602,952073
4603,4603,952086
4604,4604,952125
4605,4605,952138
4606,4606,952164
4607,4607,952190
4608,4608,952229
4609,4609,952268
4610,4610,952307
4611,4611,952515
4612,4612,952528
4613,4613,952554
4614,4614,952567
4615,4615,952580
4616,4616,952593
4617,4617,952606
4618,4618,952619
4619,4619,952645
4620,4620,952671
4621,4621,952684
4622,4622,952697
4623,4623,952710
4624,4624,952788
4625,4625,952801
4626,4626,952814
4627,4627,952827
4628,4628,952840
4629,4629,952853
4630,4630,952866
4631,4631,952879
4632,4632,952905
4633,4633,952918
4634,4634,952931
4635,4635,952957
4636,4636,952970
4637,4637,953048
4638,4638,953061
4639,4639,953074
4640,4640,953087
4641,4641,953100
4642,4642,953113
4643,4643,953191
4644,4644,953243
4645,4645,953334
4646,4646,953386
4647,4647,953464
4648,4648,953529
4649,4649,953581
4650,4650,953607
4651,4651,953958
4652,4652,953971
4653,4653,953984
4654,4654,954036
4655,4655,954088
4656,4656,954101
4657,4657,954114
4658,4658,954127
4659,4659,954218
4660,4660,954231
4661,4661,954244
4662,4662,954257
4663,4663,954309
4664,4664,954374
4665,4665,954387
4666,4666,954400
4667,4667,954647
4668,4668,956753
4669,4669,957117
